0.40185050929658367
0.611818556457017
0.5311723266670159
0.4601776014071305
0.6334151341789306
0.49101668401505655
0.5566349475550972
0.48623788796727857
0.4326625312442454
0.3943081725766349
0.631752412642421
0.46633101439202235
0.4995690708855481
0.5002822234415907
0.6421366021039677
0.6384588844052207
0.6521934272782306
0.6576487590156642
0.6031975293830111
0.6027075751404782
0.6584840551290547
0.4654649007822739
0.5127426125517047
0.5521066828667323
0.5773640476309029
0.4841549208145058
0.5891631213004169
0.47953390617119157
0.5755038978828985
0.58614020094134
0.5104462484896835
0.6604668187043052
0.541018735710538
0.5778474499349289
0.678122871299776
0.7137997268067057
0.6030911252029445
0.5643891026166878
0.4682549204787562
0.6205333772665936
0.5878788817310587
0.3779783974756088
0.6121028017940552
0.4054051068390171
0.3139054425123622
0.47330941990505215
0.45415501061823016
0.5203482580477914
0.5559408846937087
